12    9   0.214945
61    62   0.2025
2    15   0.184677
30    38   0.160684
22    30   0.155182
33    39   0.142878
33    38   0.134566
21    28   0.134463
19    25   0.133154
9    11   0.125337
16    34   0.121965
63    61   0.121214
15    24   0.117153
16    33   0.114354
21    29   0.109902
15    33   0.107316
67    61   0.103749
74    79   0.101082
31    8   0.100314
67    53   0.100243
60    57   0.100215
38    38   0.0983618
22    29   0.0957411
39    41   0.0929511
30    39   0.0916034
40    41   0.0912214
21    30   0.0904113
14    22   0.089913
20    26   0.088937
16    24   0.0879375
45    44   0.086818
29    36   0.0867619
17    34   0.084093
38    39   0.0835609
63    53   0.0833262
17    33   0.0822529
6    16   0.0800539
15    34   0.0796324
40    39   0.079556
34    9   0.0790754
39    39   0.0782734
33    34   0.0780291
39    44   0.0768541
9    10   0.0766602
38    41   0.075644
54    51   0.0756376
40    38   0.075636
36    39   0.0751978
12    20   0.0750575
34    43   0.0732321
36    44   0.0728272
31    45   0.0715512
37    8   0.0713558
16    39   0.0708157
10    21   0.0705253
36    38   0.0704339
67    66   0.0698378
45    39   0.0692655
34    42   0.0687226
34    45   0.0685021
10    20   0.0683945
17    36   0.0683055
9    12   0.0681895
30    34   0.0671334
12    21   0.0670025
13    21   0.0661562
13    42   0.065631
63    67   0.0655667
11    24   0.0655554
26    32   0.0646456
2    14   0.0632553
29    34   0.0623821
31    43   0.062339
45    40   0.0619635
35    41   0.0618509
37    45   0.06142
16    36   0.0611458
36    41   0.0607521
24    32   0.0605551
22    28   0.0603851
39    38   0.0602617
17    39   0.0593506
37    43   0.0580754
34    44   0.0574142
33    33   0.0565746
12    44   0.0565485
30    36   0.0563896
33    24   0.0561577
34    40   0.0560693
11    33   0.0557034
26    30   0.0556568
67    67   0.0551773
25    29   0.0547511
37    42   0.0545871
17    38   0.0539727
68    68   0.0537642
28    35   0.0530113
37    20   0.0525038
23    29   0.0524692
29    33   0.0523231
65    71   0.0522727
37    40   0.0522661
37    9   0.0520466
34    8   0.0513136
65    65   0.051048
24    31   0.0505915
24    29   0.0497045
26    29   0.0496023
23    32   0.0491846
63    68   0.048889
34    20   0.0484067
12    19   0.0483736
40    34   0.0477093
15    36   0.0477091
29    24   0.0472506
40    44   0.046755
61    71   0.0460874
31    42   0.0459366
20    28   0.0455166
68    67   0.0452527
41    41   0.0447373
58    81   0.0445992
146    151   0.0445671
25    32   0.0443855
35    44   0.043808
13    8   0.0437633
31    9   0.0437546
13    43   0.0437286
13    19   0.0434883
38    34   0.0433631
12    40   0.0432925
31    20   0.0425656
13    44   0.0423595
45    38   0.042289
39    34   0.0415258
11    36   0.0414999
20    29   0.0414554
45    34   0.0414264
134    147   0.0413939
11    38   0.0413378
65    62   0.0411733
38    44   0.0409456
9    0   0.0408411
11    34   0.0401724
30    24   0.0401044
23    28   0.0399992
83    116   0.0395188
31    21   0.0395114
21    31   0.0390379
58    59   0.0389999
25    28   0.0385621
25    30   0.0378867
24    28   0.0377419
23    31   0.0373711
64    65   0.0373685
91    95   0.0371506
10    19   0.0370382
13    40   0.0369018
138    145   0.0367652
92    168   0.0366593
21    32   0.0365972
30    33   0.0363069
79    84   0.0357744
67    68   0.0355011
20    30   0.0352254
62    65   0.0351878
37    21   0.0349683
47    51   0.0349285
36    24   0.0348647
34    21   0.034812
13    45   0.0345379
39    33   0.034524
11    39   0.0345033
63    66   0.0344613
84    143   0.0339268
155    161   0.0336063
26    31   0.0334482
180    59   0.0328296
94    106   0.031927
10    41   0.0318567
64    55   0.0315458
124    168   0.0313886
38    33   0.031306
62    55   0.0312625
26    28   0.0310363
145    188   0.0310185
21    26   0.0294166
15    39   0.0291749
90    96   0.0287338
26    26   0.0286462
200    189   0.0284106
141    152   0.0283155
58    16   0.027511
81    124   0.0270204
36    22   0.0268556
22    26   0.0267927
3    15   0.0267335
45    24   0.0267175
32    37   0.0265207
10    44   0.0264624
118    124   0.0263087
25    31   0.0261423
25    26   0.0261118
179    92   0.0259149
138    98   0.0255439
142    150   0.0253415
85    104   0.02533
60    162   0.0248475
107    116   0.024784
65    60   0.0242127
41    34   0.0241975
83    89   0.0241549
20    32   0.0238604
145    112   0.0234603
37    19   0.0234198
120    102   0.0231664
121    155   0.022739
81    87   0.0224492
3    14   0.0222282
120    154   0.0220761
179    174   0.0218361
42    60   0.0215466
3    5   0.0214458
198    112   0.0212884
124    130   0.0210046
11    41   0.0209073
77    83   0.0206261
6    17   0.0205464
229    198   0.0204892
116    119   0.0202093
7    17   0.0201007
93    97   0.020084
78    82   0.0200477
153    158   0.0198911
192    186   0.0197122
34    19   0.0196553
70    88   0.0195485
126    137   0.0194629
81    88   0.0192333
2    5   0.0191572
153    142   0.0190561
63    58   0.0188767
60    15   0.0187734
150    87   0.0187062
190    185   0.0185725
31    19   0.0185096
111    117   0.018467
101    105   0.0183649
86    93   0.0182935
145    130   0.0181942
183    175   0.017871
92    112   0.0178319
130    124   0.0176692
84    90   0.0173842
154    159   0.0171148
219    104   0.016784
166    102   0.0167722
148    154   0.0167068
127    104   0.0165712
85    91   0.016561
6    78   0.0163536
84    103   0.0162804
118    111   0.0161733
18    23   0.0161276
219    91   0.0160933
104    105   0.0159424
98    100   0.0158529
198    188   0.015783
124    112   0.0152785
120    130   0.0152116
82    88   0.0151969
68    75   0.0148005
83    102   0.0146267
123    134   0.0144098
84    185   0.0143815
121    111   0.0142808
42    55   0.0142108
7    6   0.0140366
68    53   0.0140336
14    48   0.0137601
155    136   0.0136302
83    112   0.0135971
145    154   0.0135773
97    103   0.0135428
126    138   0.0135246
136    165   0.0134996
203    127   0.0134457
103    109   0.0133881
198    189   0.0132496
91    121   0.0132435
68    58   0.013177
200    171   0.0128695
81    153   0.0128122
99    101   0.0128122
128    136   0.0128062
166    159   0.012803
145    173   0.0127556
121    154   0.0127435
133    142   0.0126907
118    116   0.012567
133    158   0.0124884
118    168   0.0124156
105    114   0.012403
64    63   0.0123482
87    147   0.0122764
107    124   0.0122576
107    189   0.0122329
139    146   0.0121565
80    86   0.0120804
143    140   0.0120774
121    116   0.01204
104    143   0.0120262
150    155   0.0119909
96    130   0.0119096
136    148   0.0118405
103    126   0.0118354
81    138   0.0118001
119    126   0.0117773
181    136   0.0115764
97    90   0.0115617
120    168   0.0114434
126    130   0.0114143
107    111   0.0114065
68    61   0.0114056
95    130   0.0112164
96    104   0.0111696
130    153   0.0111638
87    95   0.0111446
121    153   0.0110946
118    173   0.0110653
108    118   0.011039
126    159   0.0110327
187    126   0.0110163
69    69   0.0109951
118    130   0.0109521
118    112   0.0108771
81    188   0.0108623
135    163   0.0108463
104    136   0.0107816
197    168   0.0107729
166    153   0.0107081
101    143   0.0106939
165    171   0.010568
82    142   0.01051
187    177   0.0104693
81    130   0.0104654
157    163   0.0104315
67    58   0.0104012
131    184   0.0103984
127    138   0.0103539
101    95   0.0101465
127    137   0.0101333
75    73   0.0101238
58    78   0.010061
199    189   0.0100032
92    107   0.00992151
76    73   0.00991655
83    111   0.00991209
85    126   0.00991067
109    115   0.00984383
96    138   0.00984287
62    71   0.00981724
126    168   0.0098033
107    155   0.00977962
103    186   0.00976465
155    185   0.0097267
81    102   0.00968378
88    128   0.00967113
166    155   0.00964982
95    168   0.00964668
128    185   0.00957395
130    173   0.00955616
217    168   0.00955447
64    62   0.00954013
155    175   0.00953006
93    148   0.0095183
186    177   0.00949053
221    197   0.00948402
120    153   0.00948054
168    192   0.00944312
84    131   0.00943691
135    143   0.00943063
126    111   0.00942258
130    189   0.0094159
64    71   0.00939226
120    137   0.00938755
120    112   0.00932978
101    136   0.00931697
170    169   0.00930999
147    128   0.00929702
187    184   0.00926891
187    186   0.00922149
150    189   0.00918937
183    90   0.00918645
175    195   0.00918522
121    130   0.00917546
192    176   0.00916012
130    188   0.00915571
62    62   0.0090663
95    102   0.00901097
130    181   0.00896085
160    185   0.00891762
124    173   0.00889534
120    138   0.00889053
158    160   0.00887701
100    136   0.00883601
100    143   0.0088104
95    153   0.00870873
83    155   0.00866805
120    124   0.00860613
154    168   0.0085396
124    111   0.00853693
180    151   0.00850482
191    177   0.00848117
75    85   0.00839702
106    154   0.00836413
95    155   0.00833346
206    193   0.00833282
102    148   0.00830881
121    124   0.00830748
134    95   0.00826061
162    170   0.00825505
137    88   0.00822543
61    55   0.00822318
200    195   0.00816786
224    22   0.00814429
203    192   0.00809843
160    175   0.00809692
171    172   0.0080808
22    188   0.00802872
142    172   0.00799563
120    111   0.0079908
191    184   0.00798616
92    127   0.00798514
84    136   0.00790157
202    190   0.00787978
185    91   0.00783054
219    197   0.00783037
120    73   0.00779887
81    73   0.00778762
130    195   0.00776174
191    180   0.00772804
126    112   0.00771946
118    128   0.00767778
113    122   0.00766029
95    188   0.00765688
95    88   0.00764949
198    124   0.00764719
42    65   0.00764392
195    183   0.00762798
63    75   0.00758778
148    87   0.00758547
81    116   0.00755724
92    159   0.00755522
14    52   0.00753243
147    111   0.00752545
101    163   0.00745076
85    109   0.00744243
154    138   0.0074233
187    176   0.00740551
199    195   0.00740105
83    159   0.00735408
128    143   0.00729963
125    105   0.00729462
128    175   0.00728287
102    165   0.00727352
124    159   0.00727271
104    163   0.0072652
103    176   0.00726437
150    188   0.00720452
189    178   0.00718702
191    176   0.0071723
14    50   0.00711492
5    22   0.00710478
145    168   0.00709561
96    89   0.00708101
197    188   0.00707083
137    144   0.00704133
196    177   0.00699764
131    148   0.00697731
88    140   0.00697175
96    137   0.00696224
207    176   0.00695641
103    91   0.00695233
6    1   0.00695221
120    189   0.00694532
166    192   0.00690259
160    90   0.00686522
186    126   0.00681159
81    155   0.0067773
166    154   0.0067697
130    87   0.00675797
103    104   0.00675072
91    147   0.00674958
199    124   0.00671755
156    171   0.00671645
187    197   0.00669926
103    193   0.006627
125    136   0.00662014
136    176   0.00656008
197    155   0.00654416
145    111   0.00653534
166    85   0.00649589
118    189   0.00648086
214    154   0.00647873
118    102   0.00646976
197    189   0.00645787
166    168   0.00645612
126    188   0.00644426
65    55   0.00644397
187    180   0.00644223
196    184   0.00643549
119    148   0.00639658
107    188   0.00633307
154    112   0.00628077
214    130   0.00626285
154    127   0.00624353
206    126   0.00620886
147    196   0.00620328
71    111   0.00619023
186    176   0.00618406
126    87   0.00610486
6    151   0.00610231
95    189   0.00605672
131    176   0.00603334
216    86   0.00603292
146    6   0.00602331
147    93   0.00602172
196    126   0.00600615
217    192   0.00600374
194    187   0.00596622
207    193   0.00596334
160    136   0.00593082
175    173   0.00592453
155    103   0.00592307
206    186   0.00586934
14    4   0.00586547
198    111   0.00584701
145    153   0.00584378
204    185   0.0058153
196    180   0.00580955
84    152   0.005771
81    111   0.00572042
219    191   0.00567791
7    151   0.00567429
186    180   0.00566642
147    112   0.00564076
145    87   0.00561801
150    89   0.00561376
88    173   0.00559863
182    172   0.00559416
131    126   0.0055719
148    168   0.00554409
68    66   0.00553037
198    173   0.00547718
148    188   0.00546146
204    136   0.00545849
155    90   0.00541634
83    168   0.0054036
178    94   0.00538649
185    148   0.00536716
183    136   0.00535438
154    192   0.00534909
211    109   0.00531577
61    60   0.00526533
100    90   0.00523817
166    111   0.0052334
2    57   0.00519878
119    176   0.00519396
214    111   0.00518934
188    181   0.00511271
191    126   0.00510102
119    177   0.00507951
183    187   0.00507652
95    87   0.00507225
92    93   0.00506753
75    111   0.00506058
121    102   0.00503192
160    143   0.00500703
107    89   0.00499279
193    182   0.00497271
201    99   0.00494779
154    89   0.00492827
197    153   0.00489485
136    126   0.00488368
66    85   0.00487765
204    131   0.00481312
123    152   0.00480351
197    154   0.00479411
125    182   0.00479018
210    143   0.00478629
85    148   0.00476785
145    73   0.00475847
228    73   0.00475836
213    195   0.0047546
205    182   0.00474792
6    59   0.00474623
194    175   0.00472194
174    129   0.00470824
190    90   0.00469306
112    123   0.00468873
120    87   0.0046785
67    75   0.00460238
71    89   0.00459863
198    155   0.00457877
71    99   0.00452274
185    186   0.00452117
121    189   0.00450769
141    161   0.00449978
75    99   0.00449884
168    127   0.00447953
187    179   0.00446595
84    161   0.00441322
141    134   0.00440203
71    102   0.0043888
127    193   0.00436445
121    188   0.0043619
214    73   0.00434916
119    184   0.00434373
198    168   0.00433206
214    87   0.00429051
210    103   0.00428807
197    130   0.0042808
181    95   0.00423851
66    138   0.00423262
191    72   0.004223
161    148   0.00418447
81    189   0.00418433
124    196   0.00417035
191    186   0.00416645
190    175   0.00415176
192    126   0.00412736
198    138   0.00411278
218    4   0.0040534
198    130   0.00402914
85    193   0.00402491
186    186   0.00397797
212    92   0.00397274
225    104   0.00393493
75    154   0.00389268
219    186   0.00387243
187    91   0.00382675
132    141   0.00377254
81    154   0.00375044
70    102   0.00374542
185    126   0.00372465
197    102   0.00371302
166    89   0.00368127
120    173   0.00367211
145    138   0.00365524
148    85   0.00364351
203    168   0.00362635
166    112   0.00362202
192    91   0.00359724
195    97   0.00359088
85    176   0.00358467
180    78   0.00357832
161    186   0.0035763
153    192   0.00357174
126    154   0.0035564
161    126   0.00355626
186    184   0.00353938
192    184   0.00353521
150    116   0.00351863
69    44   0.00348434
185    176   0.00347273
218    185   0.00346455
69    40   0.0034582
120    188   0.00339728
135    136   0.00339134
69    190   0.00335575
61    65   0.00333528
213    173   0.00331289
125    96   0.00330665
66    159   0.0033
211    176   0.00329971
166    188   0.00329754
223    197   0.00329403
181    92   0.00325452
148    155   0.00324993
148    138   0.00321905
131    97   0.00321177
131    186   0.00320701
209    107   0.00319759
183    161   0.00319713
107    102   0.00319472
121    87   0.00318891
166    130   0.00317286
183    185   0.00317047
189    135   0.00316137
161    97   0.00312716
166    87   0.00310965
190    103   0.00310955
66    73   0.00307976
155    152   0.00305216
166    88   0.00303866
166    189   0.003004
155    131   0.00300238
131    183   0.00295942
75    87   0.00295879
148    159   0.00294685
161    184   0.00293076
173    122   0.00291637
122    134   0.00291466
75    159   0.00291218
190    136   0.00289994
70    155   0.00287051
86    107   0.00287006
211    148   0.00286092
150    191   0.0028462
197    138   0.00283547
198    73   0.0027882
185    184   0.00278732
193    96   0.00277518
97    185   0.00277311
118    153   0.00276271
118    87   0.0027563
209    127   0.00275258
71    130   0.00274123
42    62   0.00274023
223    180   0.00273752
75    130   0.0027353
197    124   0.0027107
225    137   0.00270179
154    85   0.00269771
199    171   0.00269288
96    168   0.00266757
225    138   0.00265772
198    154   0.00262399
210    90   0.00262307
190    161   0.00261784
148    73   0.00259418
197    73   0.0025805
124    99   0.00256864
158    135   0.00256356
214    116   0.00255758
96    193   0.00254783
93    150   0.00253405
221    180   0.00248532
224    175   0.00246576
192    135   0.0024611
219    179   0.00244205
187    109   0.00243721
161    176   0.0024294
124    138   0.00241475
219    137   0.00238699
218    103   0.00238352
217    138   0.0023655
75    112   0.00235731
75    138   0.00234363
214    173   0.00233934
213    188   0.00233586
214    89   0.00231445
150    102   0.00230734
92    196   0.00230493
204    161   0.00228955
60    14   0.00226202
66    168   0.00224767
210    4   0.00224372
119    91   0.00224175
136    97   0.00222971
166    73   0.0022263
221    179   0.00220585
206    176   0.00218337
82    158   0.00217919
168    139   0.00214808
88    196   0.00213893
200    124   0.00211858
211    126   0.002118
210    175   0.00209061
104    90   0.00208685
204    90   0.00207472
197    111   0.00207365
214    191   0.00205639
198    85   0.00205547
131    91   0.00201251
154    99   0.00199808
124    85   0.00195009
218    131   0.00194257
96    191   0.00191606
225    197   0.00191361
119    186   0.00189433
198    102   0.00189251
213    168   0.00187812
206    184   0.00186093
201    138   0.0018487
130    102   0.00183414
211    91   0.00182264
5    4   0.00179981
100    175   0.00178594
97    131   0.00177408
214    155   0.00177178
193    147   0.00174546
194    182   0.00173252
103    72   0.00172672
147    99   0.00172588
126    73   0.00172271
211    97   0.00171827
207    126   0.00166853
197    28   0.00166738
86    196   0.00166272
210    136   0.00164143
216    92   0.00161467
180    16   0.00157479
186    72   0.0015499
219    177   0.00152419
211    104   0.00151349
221    186   0.00151121
214    138   0.00149659
30    169   0.00149053
160    108   0.00146436
226    2   0.00146261
26    188   0.0014511
58    151   0.00139385
221    177   0.00139115
218    90   0.00138547
128    70   0.00134723
221    193   0.00133612
93    183   0.0013314
219    193   0.0012985
229    0   0.0012979
221    184   0.0012885
221    176   0.00128848
142    97   0.0012883
214    168   0.00127324
191    197   0.00127061
214    188   0.00126131
197    116   0.00125491
223    179   0.00119071
213    102   0.0011859
81    173   0.00117037
208    140   0.00115902
221    126   0.00115391
71    138   0.00113518
85    72   0.00112994
181    147   0.0010527
206    91   0.0010335
205    147   0.00102095
221    91   0.00101738
217    73   0.000999169
185    72   0.000997377
87    121   0.000985355
198    87   0.000973704
218    152   0.000926729
100    70   0.000922523
68    18   0.000900248
135    90   0.000886864
204    103   0.000876879
198    159   0.000864298
136    91   0.000848686
192    72   0.000844279
161    183   0.000843215
160    70   0.000835113
128    90   0.000819162
166    138   0.000813389
20    138   0.000812512
49    171   0.000793112
71    112   0.000788526
198    153   0.00077796
204    4   0.000777194
215    83   0.000764699
89    192   0.000723789
131    72   0.000721916
119    72   0.000721914
161    91   0.000719578
59    116   0.000711761
229    11   0.000681843
69    43   0.000675626
197    87   0.00067421
207    91   0.000669595
128    96   0.000667516
71    159   0.000667038
145    102   0.0006658
70    189   0.000665268
127    197   0.000658773
229    12   0.000580014
197    88   0.000564629
59    155   0.000553645
226    3   0.000550076
48    139   0.000533845
229    10   0.000530404
66    192   0.000524933
36    120   0.000518711
40    69   0.000516731
36    169   0.000513968
75    188   0.000505941
203    159   0.000474013
214    102   0.000467456
85    186   0.000440882
2    162   0.000440504
219    72   0.00043897
60    5   0.000432551
84    175   0.000431607
81    168   0.000414661
187    72   0.000405832
71    168   0.000400378
186    91   0.000386121
3    57   0.000382217
45    169   0.000370934
48    127   0.000355622
155    70   0.000355456
107    87   0.000338593
190    131   0.000330428
204    152   0.000325491
70    168   0.000286672
58    1   0.000285397
3    162   0.000281318
39    69   0.000248581
206    72   0.000233521
96    197   0.00022606
5    52   0.000217835
180    1   0.00017127
221    72   0.000168003
201    154   0.000164435
183    70   0.000159659
186    23   0.0001295
191    23   0.000126053
130    29   0.000118477
190    70   0.000115776
192    23   0.000107517
183    22   9.74668e-005
81    191   9.57491e-005
185    23   8.45944e-005
224    48   8.22427e-005
42    71   6.55615e-005
228    137   5.4178e-005
69    19   5.06176e-005
11    69   4.66722e-005
58    6   4.2749e-005
183    52   3.36464e-005
84    70   2.68603e-005
197    32   2.6785e-005
187    104   2.19953e-005
18    180   1.87661e-005
18    177   1.75306e-005
18    126   1.23328e-005
180    17   1.20914e-005
221    104   1.04325e-005
203    51   8.6011e-006
180    6   7.87811e-006
26    124   4.93194e-006
205    48   3.95641e-006
14    175   4.3969e-007
187    23   1.63153e-017
35    169   1.61236e-017
224    52   1.60172e-017
5    187   1.47992e-017
67    18   1.4562e-017
35    69   1.4405e-017
183    4   1.35589e-017
119    23   1.29853e-017
8    179   1.23567e-017
217    51   1.19319e-017
40    169   1.13878e-017
18    186   9.27058e-018
18    184   8.54455e-018
204    70   7.27271e-018
54    192   6.57804e-018
160    4   6.46681e-018
41    69   6.46533e-018
221    23   5.85544e-018
63    18   5.85234e-018
69    21   5.30629e-018
190    4   5.00469e-018
36    69   4.59638e-018
67    13   3.59076e-018
39    169   3.39241e-018
210    70   3.27203e-018
38    169   2.9048e-018
71    7   2.70928e-018
160    52   2.69109e-018
38    69   2.45928e-018
41    169   2.02825e-018
194    52   1.98149e-018
155    4   1.69491e-018
211    72   1.43907e-018
58    17   1.09445e-018
84    4   7.16048e-019
